schema_version,test_name,seed,attempt_id,event_id,label,source,stop_model,accepted,rejected,reject_reason,start_time_ps,stop_time_ps,true_dt_ps,start_phase_sys_ps,start_phase_ref_ps,ref_phase_offset_ps,max_hits,out_mode,bp_mode,start_only,expect_packet
1,firsthit_contract,20017,0,0,firsthit_0,0,qualified_ref,1,0,none,359375,375067,15692,3125,9442,67,1,0,always_ready,0,1
1,firsthit_contract,20017,1,1,firsthit_1,0,qualified_ref,1,0,none,484375,500067,15692,3125,9442,67,1,0,always_ready,0,1
1,firsthit_contract,20017,2,2,firsthit_2,0,qualified_ref,1,0,none,609375,625067,15692,3125,9442,67,1,0,always_ready,0,1
